geocommit (1.0)
lat: 48.1211795
long: 11.4853439
hacc: 36.0
src: nmg
